ID= 270_2, Source = 2, Local odds = 0.5, Reward = 1, Time = 27.75787, 
ID= 270_2, Source = 2, Local odds = 0.5, Reward = 1, Time = 34.38601, 
